2183900
1222670
3513350
294100
3552140
3202690
1235767
1235765
4453100
359550
1091500
3609080
438100
1049590
2138330
1495710
2060310
450790
2404310
455572
1300410
417462
417464
377560
417463
227300
2646460
417465
4400930
3731990
417461
3851260
3809270
3796990
3575860
3336600
3872920
2611740
455570
1536500
347213
2004210
2371170
1650650
1068290
2569750
2455690
461247
2193220
461245
304140
304211
558242
304213
388474
388472
297793
297792
540721
297791
318510
558241
388476
876980
388471
1159030
980592
980591
461241
980590
909640
347210
540720
347190
388479
297790
304210
301180
318511
558240
266931
461248
318520
266930
258460
925650
347212
292320
526950
388470
461242
318521
388475
1415700
558243
1117140
2833100
1056761
1209461
461244
388477
558245
304214
461249
227310
1704460
304212
558244
925580
1056760
531130
1209460
1918370
1967650
531131
2932420
3035040
2579670
2780800
933610
3323350
3034940
3354860
3323360
2604420
3977520
2780810
4348650
518790
4159240
3034950
976730
1808500
686060
1466860
1665460
4415490
1668560
1064273
4424920
3746540
1959430
3067190
3144890
3948510
1064272
4210150
1064271
1064221
1064220
1064270
2537590
2479810
266410
3341960
3472040
3405690
3657870
3707320
949230
3657860
3657840
1797050
2131250
2427742
2427744
2427741
2945640
3054840
3055080
2945610
2945630
2427743
3055040
3579760
3579830
3579820
2427746
3579770
3579780
3657850
1158310
2141910
3579790
4208220
1296730
1303182
3579800
2114760
1303184
3579810
2311920
2671030
2671060
2313541
2671070
2671080
2671040
3315540
3315510
3315520
3315560
3275760
3315550
3315570
3315530
1449850
3315580
1142710
281990
4232870
4232860
3077630
497660
2863180
404010
633310
2115770
1140000
2863080
1341520
498870
3417860
756010
642750
1045980
2863060
2840100
2534090
844810
518910
1522090
2380030
1889490
944290
2277860
716670
553280
3417850
1140001
3417840
3283220
2729490
404012
404013
404014
455040
617870
835670
965220
534331
1074320
1158180
1209120
1315750
1556110
1374300
779880
2059190
1824060
2891710
2891700
3130740
2325832
3130750
1670540
3450980
2574900
3450960
3301110
3858050
3450970
813780
3164500
394360
3796290
3301120
1039811
1877010
584141
1317250
461800
1086481
1228810
3654400
1086480
1348660
3152800
2695150
3152790
1348661
1158100
2183930
1880650
1579992
3796270
3757310
3152780
1317230
3796260
3796240
1579991
1557210
1389240
2141580
1869820
2805510
2555420
2805520
3080080
3793540
3219700
2672820
2868840
2074920
2483190
413150
1145350
2672810
2344520
1245620
2778580
440820
2778590
3043530
3958690
582660
2672800
2950840
1973530
1151340
236390
381210
4141110
1945841
573940
627510
2626040
1324970
3184520
1089270
700280
750381
509060
1009821
700282
1634040
492140
1899750
2102730
661770
2469400
1135280
1622941
2656010
2515990
2399750
1622940
2526550
2661250
2526530
2922730
2661270
2958440
3024580
3448670
3796620
3261720
3103150
4318580
3698790
4019590
3884020
1945840
1945930
1247150
2526540
2500440
1247140
3386550
2500430
3752040
3752050
3752060
1582830
1937490
1247130
1368801
2054413
1423760
1368800
3010110
1233370
1368110
1108450
3543750
4078900
2690300
4078870
4078910
3780150
3780140
4078890
3010120
1947130
3386540
4184660
3780160
2507950
4250650
2767030
3764200
2918370
4184650
2416450
3912890
570
3990820
1241930
652720
4460240
1172470
578080
230410
730
2678630
2648430
3879490
3879460
4434690
4037760
2633910
2803600
3778430
4037750
4157970
4316160
4316150
4447650
4447640
4544840
4157980
4544870
3679080
4157990
1663850
4544850
220200
2139460
1172620
3379260
4544860
982970
4373370
4373360
4373290
4537980
2838630
3280350
283740
1974050
275850
3816110
1086940
2956320
2378500
3527290
2399830
3937210
2838640
2849450
2827030
3059650
3675020
4274580
3982310
3669170
3349320
2972680
3282470
3720200
3583650
3483400
3380990
3982300
1551360
306130
3720100
2881150
3571730
3053780
2986210
3474740
2894270
460760
2814020
1382241
3571620
2738880
2868420
2507010
2013620
2614920
2013621
2013600
1949477
1949476
1949475
1949474
1949473
1949472
1919261
1919263
553850
221100
2852190
427520
2300320
3879400
4054370
3816190
2622430
3453970
3311770
3453950
3453810
2765950
3450870
2981110
4348790
645390
2981100
3581480
3453960
2981090
3581440
436090
3581470
3581460
3581450
3581400
3581410
3581420
3581380
3581390
3581430
3581340
3581330
3581320
3816030
2968040
3581310
376210
648800
1874880
1716740
1476970
3581290
2792440
2721670
2401180
3763700
4069520
2561880
3240220
1144200
252490
3089910
3923950
1670430
1353060
1701720
3891560
3015760
4224910
3174120
3564740
3041230
3321460
4024620
3357650
3581300
4564200
3859930
346110
322330
1623730
1174370
1646720
1982980
2058280
2771110
1694780
1698560
798750
1338540
2058281
2377640
1612410
2132800
981700
3155070
798740
974740
2170671
1289760
981702
2170670
981701
1899050
2007370
2769680
3373360
987340
1485060
2236180
1205500
1230830
962960
840770
1447360
1172860
1874370
1710240
1205501
1836630
2241030
1167510
840760
3373370
840750
1272440
2711510
1558300
1522880
1710241
1084430
1051700
1167330
1270830
4211520
473850
1646700
1646690
708770
512540
642250
508150
887380
1646550
1100810
1691800
1887560
1903340
1113410
3537070
4227900
3873750
3761020
3405480
1721470
3949040
632360
4100940
3228520
3820060
1607890
2306620
3055670
2781620
3008670
2555190
1236890
1817490
739630
431960
2406770
962130
1790230
2157830
3055680
2161390
3933860
3933880
2129530
4399810
4212020
1905390
3954470
2495100
4112550
2050650
1361210
412020
889920
3933870
4013300
3890520
889921
3710910
3710950
1981790
3710980
4013290
4013310
2109314
924220
2109312
2109313
2109311
2197324
2197327
2197326
2197325
2197322
2197320
2197321
2109317
2109310
2109309
2109308
2197328
2109307
2109316
2109306
2109303
2109304
2109305
2109301
2109315
2109300
1326470
594650
3241660
526870
1166471
1166472
2197323
1143840
1180490
1180491
2593600
2873550
1191490
1166470
1255000
1255001
1234950
1304600
1304601
1374340
1225140
1576410
1586080
1228530
1643020
1397380
1397381
1530430
1674580
1610550
1784880
1852470
1674570
1720670
1761570
1966460
1784870
1852480
1887100
2014790
2160020
2160330
1906330
2133640
2272530
2081520
2100450
2304500
2200640
2531020
2272500
2581740
1466060
1371980
892970
2073620
2325290
4514980
4492250
4132150
2060160
4183140
4521700
2738490
883710
418370
2879840
3804140
3687050
530610
529930
530611
564190
540340
920571
1335170
920567
1620250
920568
920564
920566
920563
920570
920562
920565
1569580
920560
583810
2141730
1190000
4128580
920561
4464600
920569
3335470
2601200
3711820
2464230
3660210
2112232
2889700
2112230
2721070
2546830
1931780
1773801
1773800
1748991
1748990
2282030
1685720
1332010
2085260
1981550
208650
2112231
3513600
1685721
401635
2086160
401633
405031
405030
401630
401628
401629
405032
401632
401631
401626
401625
401624
356470
401623
401621
401622
313101
350172
313100
3326230
4530150
1167630
313102
401620
2657050
367480
2657060
1426210
2657100
753640
1622100
2657080
1659040
2657070
350171
2184791
1829596
2475260
1286760
2184790
3254350
4110940
4328240
3957470
3711140
3065800
1963610
3569830
3110360
2357570
2807960
440
2437280
3574360
3933070
3645440
629330
2828470
1289670
4149440
4149410
4375000
1172380
4374980
1659420
673750
504230
261570
620
4149400
323180
4375010
1796470
312520
1057090
4149480
2282210
3588290
1933390
2857120
367520
916000
598190
268910
1092840
3587100
1258740
1117850
2744880
1030300
291550
610070
3928720
4263290
704710
4263300
2567870
588650
4192260
2101430
2072990
2974360
2502260
1046440
1204130
1451460
322170
105600
665380
1580050
216150
298641
2001120
3058630
4110950
3917090
1066890
655500
409210
2697770
1323320
1392090
1393790
2697780
4044670
4044660
2238190
4256590
2518760
2518750
3532180
3023000
1392091
2697800
3895690
3532160
3022990
2440510
3022980
1648110
2697790
3118460
1392100
2862340
2833230
2833220
2833110
2673230
2662950
2662940
2662930
2662910
2662900
2662890
2662880
2662860
2662850
2612150
2612140
2612130
2612120
2612110
2612100
2612090
2612080
2612070
2612060
2573740
2573730
2573720
2573710
2573700
2573690
2557420
2557410
585420
2921330
3456630
3323320
3275860
2557400
2557390
1333570
3472460
2054110
1607390
3009870
3708690
1171470
1183540
3915680
3729370
2698940
3634520
3917520
4380410
3917470
2054120
3917450
3917430
4160690
2579530
4160650
3917400
3917500
2805000
2625420
805550
4160670
2700600
1449260
3251420
1865950
3917380
1493170
2849030
1337860
3501070
3224770
3059520
2700610
3335220
2399420
2328720
3954020
3493820
1201360
1865970
3260820
3511300
3260810
2973290
244210
3954010
3954000
3948300
526060
493190
3151390
467980
404430
619680
509350
675590
423630
1465360
284160
347990
1613111
1585810
1533005
540711
540710
1585816
1533004
1533001
3777600
1533010
1533003
1533002
1585811
1533000
1533006
1533009
1533008
1533007
1533011
1585814
1585812
1585813
1613110
1838500
2154170
1785850
2058881
1934680
3948120
3932890
1783560
3164330
4531970
4531960
4531950
4531940
4531930
4531920
3076160
4531910
4531870
4090970
4531840
4531830
4531820
4531810
4517590
4090950
4531790
4407420
4531900
4531850
4531890
4531800
4407430
4589100
4229530
4091290
4589090
2991170
2991160
4197940
4428640
4180380
1284190
2991180
3195790
4078590
3142540
636040
4531860
1533390
2997230
2814990
2479650
2902050
4229540
4349060
3840410
3870890
3870870
3840380
4191590
3870860
3870880
4191580
4191550
2138720
3870760
3743380
3230400
766570
3743390
4193240
4191570
4191560
431240
380600
1588550
4094180
3937220
4031100
730610
423367
591983
4207340
423368
2338590
423364
1366920
423366
1000718
1000717
2456991
1200340
1000716
1200347
730613
1804845
423363
2654610
3376400
730612
591985
1000714
422473
423365
730615
730611
591984
423369
496431
1200345
1804846
1804848
3255720
1200343
3376380
3376370
591971
496439
1804843
496438
1804842
591986
730614
730619
1000712
1200344
1200342
1200346
1000719
1000715
3376390
730616
4094200
730617
3376360
1200348
496432
4094210
1804840
1804844
1771300
374320
2221490
1363080
1364780
3899360
506971
2222570
3118120
3268800
2494130
2224460
2825200
2825190
3410460
3572140
4351520
3572160
4378150
506970
4351540
442010
3594250
3118100
3118110
2224461
3368600
3119920
3468550
4184930
3368610
261550
3368620
379430
4075290
836900
3410470
2240110
2194520
801980
836890
836910
768530
883150
794220
921950
977420
1033890
2927200
250900
934700
322660
836930
836920
2813060
2813070
2813090
2813080
1052530
2813050
2813040
2813100
2813310
2813020
2813030
2813110
570660
2813010
401920
3353470
1426300
3483740
2114740
410340
3817870
2813000
2500170
2019790
2667910
4001650
2879370
2385530
3551340
4092500
1020100
2385541
3551410
2385580
1891780
3226860
3337900
2500160
3337880
2385540
4085420
3717070
3337890
3337910
4085380
2385571
4181540
4181570
4181550
4181560
4125680
1462810
4181590
4357050
4181610
4333560
2217000
4244510
1654720
4327880
2918150
2353060
2072560
1971870
629730
1654721
3286310
1654723
1654722
3490300
3286290
2576740
2576810
3286300
2576790
3226640
2576770
2636080
2695680
2576800
2636090
2695690
2777460
2777480
2880670
2880680
2968440
3168140
2968450
3049390
3233540
3168160
2615190
1335200
2996040
3168150
3255900
3747600
2576780
3168020
4152390
1372110
285900
1941061
3784190
3247420
3316670
2001012
2001014
2382760
2001013
1003800
2382764
2001010
851850
2138710
1144645
2001011
2382762
2382761
1144640
2253841
2253840
2231950
1144643
1292130
1144582
2290790
1144646
3279940
3279970
3279930
1260320
1778820
2163850
2404090
2512940
2275550
2518110
2342040
2518100
3145880
3145890
3024980
3025000
2891170
3303020
3417280
2732280
3417000
3775990
3564550
4001560
3417230
4001570
3417240
678950
4129110
952080
3417250
779931
758772
3564540
758770
3417270
758771
779938
1744780
779930
779937
779936
779935
779939
779934
992171
779933
779932
729450
1248431
1248433
992176
992175
2397300
1209880
1248430
304390
1203220
4355970
4080120
2731970
1248432
1248434
3340610
2731960
1483730
2732000
2731980
1641940
1366900
2024830
1882102
2235284
2130700
1976780
2235540
2285964
2541870
2383414
3793350
1837260
2625100
2914640
2845690
2914620
2478490
3062480
2697740
3255730
3255770
2914600
4380560
4380580
454650
4312460
1790600
740142
1999190
1507380
1744080
1544340
2161540
2377310
2161560
3188680
2814240
3581800
3387210
739282
1108460
3905290
3839310
1384160
740141
740143
1108461
740160
1998750
1998650
1652891
2081056
2081055
1544408
1544407
39210
1203620
3265700
108600
668580
4425350
4564300
4491290
2214825
2815510
2214821
2214822
2214823
2214824
3951140
3951130
3951120
3951110
3951100
3951080
4167810
4167800
4167130
4167010
4165070
4165050
4167820
2214820
4164970
4164960
4167100
4167790
4167170
4167760
2303120
4167220
4167060
4167030
4165140
4165090
2214830
2214826
3372300
3372290
3372270
3372260
3372250
3372240
3372330
3372320
3372310
2124490
2947440
2649240
1044720
1435790
990080
2843390
1880832
3516200
3372280
3372220
2879620
2644870
1942100
3193660
1779700
3972570
2175260
2000170
2669320
2634950
3170610
2644890
4350890
3959440
2419810
1863430
1594940
4160210
220740
2239150
200900
1948280
3462450
3594840
3594850
3594860
3376250
4130000
2867570
1823950
1133870
2446110
2934220
387990
313120
314650
4407410
3365540
4164420
1084073
48000
500461
1084072
500460
1084071
1084070
516750
1083283
1083090
274190
756800
1083281
1083280
1083282
3669570
1645820
1062520
683320
1295920
2011780
3639650
1123050
433340
953490
1509960
230290
1147860
2947280
1061090
335240
939480
2394650
418530
2236070
1079180
1274600
2085540
972660
690640
3905110
2313700
3246790
1444560
460950
1562700
1533420
383980
40800
253230
304430
1055580
3996620
4450800
924490
969710
787340
238460
1030270
915090
940220
670840
240720
1738980
630663
539240
470691
470690
456600
1035230
2231450
787910
3000700
941241
3000660
3000670
3000690
3000650
3000620
3000680
3000640
3000630
1471650
1672810
3599690
2273430
1809540
4082750
3288210
1147560
4372140
813230
3362590
2771130
1455840
3422870
210970
3681910
653530
553420
3085820
2512790
1608230
1225570
2366980
239030
2420660
4464580
2162800
1135690
1931770
3151380
3075620
3905410
3035120
3300800
1592190
2754380
1557740
641990
558990
341800
3590
865360
821170
784930
3107410
716580
1163640
1145960
435120
666350
837470
1017180
1392860
477160
1150690
909080
860510
2088788
2088787
2088783
2088786
2088785
424840
1164940
238320
584094
774361
2170190
280680
744190
1143851
584091
2615910
584092
1143853
273300
584090
2615920
584096
584095
1118200
584097
698670
532110
640920
1454400
3059070
3097300
1929610
1292940
2772990
2413950
1395520
2291850
3967470
4556350
747660
219740
2747330
3645890
1274570
1290000
4030870
1515210
3180070
613100
282470
2464650
2088510
2236950
2088511
393010
2593920
1924720
2910200
942290
1126050
3363170
1832960
2819590
1021110
2593910
1569190
825570
2736310
1460920
2736320
2983890
2593930
2562180
3202510
2983900
2736330
3202500
3077590
1966630
3119540
2198150
3070070
1190970
2670630
712640
2331280
4351410
1206560
4199610
4196080
736260
4196070
3363370
3602570
4078570
4196060
3680100
4078560
2649200
3672960
2245620
1286220
3846120
568220
3115220
2784470
965580
896000
4045750
2849080
2289750
1369700
1935900
1462460
1366540
1586100
2835570
3732970
3368630
4260510
3346620
2253060
1530310
293760
3874110
2643390
359180
1594320
3097560
690830
4063520
350690
2004740
2794590
4349830
3482250
1315180
2461440
692850
2696050
2529790
4591670
2380800
2407270
3593650
3171570
704850
246620
2380802
2379780
2075720
1041460
2380801
3813800
2380803
2518240
342940
1840650
1084600
3373660
2867650
1476200
2288470
1904480
2622210
2595760
2595750
2595740
262060
2595730
48700
2103140
2181522
2595610
2595600
2181528
2595720
4293030
4100710
4099830
1117860
445700
2595710
580100
2595620
321300
735730
702540
2808740
2969170
3372530
200210
1013320
1159690
48705
548380
2073250
3167020
3063880
1169040
1256670
2348780
4108450
294180
3898520
3898510
3947840
3898500
3898490
3898480
3559850
3550090
3550080
3550070
3627130
3627110
3627120
3627090
3467170
3898580
3898570
3898560
391540
3898550
3898540
3627070
3627050
3627060
3626830
4174230
4174220
4174210
4174200
4174190
3898530
3627140
3830060
4174170
3627100
3725300
3725290
3725280
3725270
3725310
3627170
3627180
3627160
3627190
3627150
4349820
3725250
4350230
3627080
4350180
3306760
3306770
3306740
3306750
625960
2622000
3202030
305620
371970
848450
286160
4383960
646570
1217060
1621114
1230230
1621113
1621112
610696
468731
3423690
1010820
3063250
1010821
3920680
468722
2430400
468724
438980
468735
457180
468729
610691
425960
468727
610690
468721
468720
458910
468739
610694
2111850
610699
610697
468734
468736
437590
610698
610708
468730
610706
610701
610700
610693
610692
610704
433520
468723
610702
610705
468737
610695
405130
367330
468726
2095000
2091330
2698420
599140
1158160
1527950
233860
1139980
632470
361420
1868140
1788370
1430990
457140
2692400
4144820
3112270
2903960
3655420
3302470
3543180
4394810
2952300
2492320
4157740
2841140
1452490
3315070
3884830
2677020
3042220
4490120
3899740
4165520
1757300
4286550
1242980
250760
1955830
1562430
1728650
1873760
942970
1040200
4028440
2302890
1205600
1123960
4492060
2561440
2104240
2561450
3858250
1065280
2737070
3213970
899770
269210
1621690
3865720
4512060
686810
4160230
4204900
2735920
2827200
242760
1793013
3405340
1793010
1793012
1793011
1656971
1656970
880940
2175550
508440
2331691
2331690
1647962
1647960
2401901
2401900
2709180
2623000
2805160
2677820
2885540
2819760
2805150
3178960
3312110
2475320
3768610
3515080
3515070
4008660
4008670
4143590
4159850
4159830
3012950
4124210
2799870
3305660
1574600
3865730
3865740
3865750
4322980
4322990
4322970
1270340
1145360
2592160
1794680
1943950
264710
3314790
728880
1619310
858240
2230760
2313550
909720
2870710
2111190
2887680
1138400
4000
2690330
1017510
1013300
3451100
3616550
1590910
1097580
3158270
2764750
1389990
2752640
3929770
2712560
2750440
2728880
2685040
2684990
604240
304930
2684960
2674800
2644530
2644510
2644410
322500
4565680
2626320
991920
2605470
2605460
2605450
2585090
2545120
2510840
2468860
2408910
2408830
2461350
2426870
2351670
2377850
2325580
2325560
2325520
2306760
2261960
2238610
2225660
2144620
2205760
2171230
2111780
2053930
1992950
2081010
2011580
1959550
1931550
1988710
1978030
1931540
1914960
1914880
1931490
1914840
1914800
306460
1914760
1914810
1913840
1875640
1845230
1827350
1802950
1769710
1768610
1450460
3247750
518150
555160
394690
1178490
1556790
1150760
823500
3490630
2429860
1815513
1815512
1815511
1815510
2386720
3155140
2250500
1815514
2197970
1785150
3062990
2214671
2214670
2719540
2719550
2542160
2680480
3153670
2464010
2617460
2542150
2753070
3868930
1876590
2792910
3489420
424030
629760
450540
3153370
362890
3199060
16900
1227890
2005010
2817460
2340920
337320
2579610
2172840
692890
2668290
1836060
1390150
1836061
2474710
2729110
3720460
1049020
1721110
1324780
2069250
581320
2051200
3853680
2617770
636480
1308181
1308182
1888350
2606070
1308180
1308183
1718870
1409140
1409141
1481113
1481112
1481111
1409143
1481110
1590710
824270
1590712
1590711
1590713
1409142
2633870
1575020
1711180
1760280
1759140
1711181
1763082
1438210
1763081
1836470
1763083
1711182
1711183
2062371
2062373
2062370
2062372
2062377
2062376
2062375
2062374
2432520
2432521
2432522
2432523
1366800
2606060
2606050
2606040
2606080
2606090
2606100
2606030
2606130
2606120
2606140
2606110
3801220
3801230
3801240
3801250
3951930
3951920
3951900
3951910
3853790
4168330
2317930
3819640
2404880
2201320
4046960
3357960
620980
2350253
3897800
3535520
3354710
3354700
3370870
4015530
3400930
3043470
3354690
3354680
3354660
3354630
3354590
3354540
3354530
3354520
3354510
3354500
3354490
3354480
3354460
3354440
3274290
3274280
3274260
3274250
3274240
3274230
3274210
3274200
3274190
3274180
3274170
3274160
3181600
3181590
3354470
3181580
3181570
3181560
3181550
3181530
3181520
3181510
3181490
2893510
3156260
2893490
2893500
2893480
2893470
2893460
2893450
2893440
2893430
2838330
2838310
2838300
2838290
2838280
2838270
2838260
2838250
2838240
2838230
2651000
2650990
2650980
2650970
2650960
2650940
2650930
2650920
2650910
2650900
2650880
2594100
2594090
2594080
2594070
2594060
2594050
2594040
2594030
2455551
2455550
2407770
2407769
2407768
2407767
2407766
2407765
2407764
2407763
2407762
2350254
2350252
2407761
2407760
2350255
2350251
2350250
2271511
2233137
2233136
2233135
2233134
2233133
2233132
2233131
2233130
2195479
2195478
2195477
2195476
2195475
2195474
2195473
2195472
2195471
2122163
2195470
2122144
2122162
2122161
2122142
2122160
2122141
2122143
2122140
1967809
1967808
1967807
1967806
1967805
1967804
1967803
1967802
1967801
1967800
1939837
1939836
1939835
1939834
1939833
1939832
1939831
1939830
1812889
1812888
1812887
1812886
1812885
1812884
1812883
1812882
1812881
1812880
1753529
1753528
1753527
1753526
1753525
1753524
1753523
1753522
1753521
1753520
1725507
1725506
1725505
1725504
1725503
1725502
1725501
1725500
1636346
1636345
1636344
1636343
1636342
1636341
1636340
1463271
1463270
1463261
1463260
1463251
1463250
1463241
1463240
1463230
1463220
1463190
1463160
1375370
1375369
1375368
1375367
1375366
1375365
1375364
1375363
1375362
1375361
1375360
1048879
1048878
1048877
1048876
1048875
1048873
1048872
1048871
1048870
1099585
1048874
1099584
1099583
1099582
1099581
1099580
1099563
1099562
1099561
1099560
1167663
1167661
1167662
1167660
1181775
1181774
1181773
1181772
1181771
1181770
1209135
1209134
1209133
1209132
1209131
1267594
1267593
1267592
1267590
1267591
4084510
3804490
4185710
3739820
4002060
1209130
3842290
4185720
4185700
4185690
4185680
4185670
4185660
4185650
4185630
4185620
4185640
4185610
4374210
4463920
1283230
4206270
990630
332200
3213850
482920
407130
1294760
2434600
4354530
4156580
4148280
2890830
1065400
1485420
588030
4185020
4148270
3559190
4243690
895870
1063420
1361510
1812620
2918500
1654660
1911610
2445890
311690
2536180
2348930
2345650
2925190
2162820
1089980
1088090
719890
1286580
2436940
1658040
3745310
1253220
3914220
2512030
2342680
666140
3547530
3547520
3600660
2832670
858820
2665900
2665890
2665880
1968911
1968910
1134460
1075041
1075040
1669720
1663080
2665870
2665860
2665850
2665840
2665830
2665820
2665810
2665800
2665790
2665780
2665770
2665760
2665750
2665740
2665730
2665720
1183040
1649530
2641120
1649531
2231260
1649532
1268630
3872000
1174110
979110
846770
979640
1782120
2353250
2514440
1997150
2004110
1330460
366090
858810
761830
2540710
1387390
2496500
2496510
2496520
2439690
2147250
3864310
1882510
738520
2617700
1509510
3919360
212680
843380
598980
1270580
3710880
2511170
4439730
3095340
211820
1267250
285920
2265990
2943280
1422440
1751530
774291
3404490
3559340
1289390
799600
536270
764790
1199630
4425590
1090730
1475530
1475880
1475870
3032830
1107180
331930
1570010
1054430
251470
411960
1670570
3081840
1740720
356650
283640
577131
239350
337840
259810
1866620
4133830
1203630
1747760
1158890
256290
860950
602320
571310
290406
3324650
1999520
290405
322110
1874870
2098230
2098232
1154780
2098231
2330180
1286710
869830
397950
4438280
2440700
2848820
3643660
4438260
783990
4438270
290404
290403
290402
290401
290400
1977170
4054940
2870350
345820
224460
1627570
956030
3225560
35700
1221480
2226730
236090
35720
2891020
4173110
1887400
858710
1080020
3179050
2329870
3830
1255560
2368930
260750
557600
287980
2303350
2843190
3508640
3756940
3755320
3339880
1875060
3100090
3639630
2667860
2825530
1440440
3010540
4131780
40700
3564800
3333960
1488600
1585220
1071870
2019810
1042490
3057670
590380
353540
1003590
4240090
2246110
939400
1475510
1723660
3298940
420530
1745510
2835530
3883360
1059990
3209480
3875460
1293160
2453060
2075070
4140930
714120
4140920
3955770
1369030
1670870
515960
1967220
1949860
3762550
506610
3799100
3406810
2638370
2870340
1846170
648100
448280
4081840
2961530
354140
2456350
3099190
1063660
2008920
2644610
916840
1996010
1179080
2720950
1237830
3752400
622650
362680
414340
962400
320240
1433140
974580
383870
3180150
1024770
332950
3130770
1019932
2287520
3431040
2628340
2628330
2628350
2628320
2628360
2627220
1019930
3131330
2665270
2521700
2665290
1019931
2843740
1275890
2394720
2665340
2665280
2894080
2902450
2946830
2975780
2975770
2995370
2995360
2512180
3026810
3053640
3026790
3056080
3026800
3087840
3124350
1017030
3197440
3197420
3197430
3266400
3266390
3266360
3266370
3266380
3326210
3326200
3328030
3375040
3455250
3455260
3375050
3375030
3375020
3512930
3455240
3556440
3512940
2393730
3212770
974570
4262310
1119730
1149620
3659410
3981100
1992100
4116360
2126170
3694480
1511630
3014630
1128810
1106840
1940030
3543920
2137370
2763740
2831630
2600880
2782920
2690000
2514860
2385960
2236670
2659380
1944070
1761160
1179456
1761150
1761140
1179454
1416090
1295330
1179457
1179455
1179453
1179458
1850310
1486240
1179452
1179451
3269720
1486241
3367050
3564210
3918100
3918350
4257580
4624950
1179450
3166810
3856460
600480
3972320
666150
535930
326460
1339440
1315300
1066780
1035020
1096580
2574770
1003310
2195611
1144500
2195610
1568590
966690
1196150
1424940
1440200
1376920
1377080
1498090
1901750
4307900
571740
434170
2795090
1750770
3079160
4444550
720620
2427700
1076200
1244090
233450
2147380
3399780
1697870
1188930
1704470
4527750
1195240
1263240
3193720
1143650
1244781
1493470
1601350
2920570
1244780
1760030
2780000
2184800
1948120
2154010
2237250
1518153
1518152
3457510
1518150
2085570
1700870
2756920
2909580
3028310
1229240
1368030
1763250
1296830
3453990
1296610
373420
1909960
3350260
1432050
2936000
4528840
2147220
2612950
1443200
1951590
1267910
3478050
3226210
1189490
1735700
677120
2860590
2299900
3700610
2492940
249650
1245560
2055140
3700590
838350
1142880
281770
1015030
1086870
2172690
2241120
2764960
2764950
319630
493490
3464590
2660460
4395170
451340
3101040
967230
2748340
2900730
3228240
432670
4056800
2658510
773500
4119650
2273980
2878450
410900
4247800
4613570
1239080
2278070
1335840
4235830
3977280
1107320
4130010
1811550
1033530
3291710
774181
674940
711980
2201940
1332720
1820000
1198970
3816930
3983810
3027860
2628300
977950
774171
2683150
4332170
4332160
3142330
3550840
3826010
2504670
2909000
1977570
550320
282070
1421640
751780
2163330
242920
1016920
1125630
1150940
1211020
750030
481090
974610
348040
1677740
3323700
2250420
644930
429050
1113120
814370
764300
2244030
1475990
597170
224760
609320
1225560
427730
312530
2542120
851100
3249380
572890
207140
1280930
1778840
3609320
1679210
1390350
4020490
317490
3816570
3988930
3372880
2365810
4116520
3073420
583470
317480
895440
2721890
1796220
2716400
2560240
2980270
2725260
2296990
2525310
3333880
3333870
3335340
1253920
4091080
3839960
1127500
3335350
368340
3311670
3333860
3266090
1138850
1585790
1808680
4322720
621060
960310
233720
1517030
343780
2391340
823720
1198960
973910
627690
1295800
1067590
982590
1416670
1591920
4141210
3934860
1642950
2782680
3803340
1252990
3375180
3934880
4520310
3375170
2875880
3642000
3470610
1043810
986130
2725090
677160
282140
246900
3065010
712130
388090
3417410
3319120
2695940
982110
732690
413160
1097430
594330
3642190
2475490
501300
332800
3440690
2872960
414700
2694630
2644290
4014000
541570
1281040
1126200
2916430
2824490
1385380
1682970
2682380
4298880
319510
3035500
2168960
2511580
2666340
3618390
2879680
2325780
2879690
3185650
4126480
3185640
4218840
3473720
1127400
4013420
3473700
3875470
4194030
3185630
3946110
4271160
1649950
291650
1243830
4456860
955900
3361510
373340
3855540
373740
1446730
1701600
2742830
1494810
1669980
3580220
99900
2582920
2445690
3993450
734070
4119420
436780
206521
3959890
1210320
1948980
881100
1222700
2062430
893680
1137750
2924120
3128600
2943180
3393130
3332620
3731090
2926840
3468940
459820
3967800
1353300
3614460
2390230
777130
4268470
985890
2949320
1525700
3224420
1239320
3261130
1787960
2517260
1585820
948680
1552350
4379500
458710
1223580
2267210
2601070
3505090
1982080
1948800
2742280
2016460
1649080
3496000
3146520
246420
2195430
1907450
816340
784950
610180
1005300
4216670
1884560
800222
2064610
2499470
800221
1586800
800220
638230
1801110
4139720
3194360
3205060
448510
4555000
4222670
3769130
2709570
4362310
1337010
4060830
4060840
3862020
4143900
4143920
530060
4143910
4216430
1159290
259680
248390
486860
682990
1307550
341940
590610
1157170
1055540
492680
3800340
609800
1105371
1580880
1171890
1105370
1157310
1209150
1338630
1509120
2739550
3392970
4010190
404250
2487150
1110910
316910
758870
2464530
1672210
464060
1674010
1937500
4067130
874260
2802470
2585830
2631140
2901410
357070
228380
1662430
417290
3899690
1399412
1399411
1399410
332570
2893820
1737870
1135438
1135437
1135436
1135434
1135431
1135433
1135435
1135432
1135430
1602000
3631290
3997360
3558400
2190220
4026480
3609750
2212670
2920470
2808300
4270290
2200780
4270280
3511030
1388880
3728750
3728740
4430450
1291340
3728730
4420720
2637930
3731680
4019870
3731670
3731660
3731650
3731610
2926420
2926430
3371380
4131550
3728710
1211630
3340400
3340390
3340380
2790970
2790960
2790950
2790940
2790910
2678830
746850
2232880
1202200
4327360
2788520
3498270
4391750
1881200
1536370
1995890
3066240
3066180
4209010
2011824
2011823
2011821
2011820
527230
1119980
871540
1768602
1177980
1709620
1768601
1630170
265930
434570
3477300
1433560
1874170
2703850
843390
3907700
2399620
1540570
227780
463720
24240
2320541
3305800
2320540
2320529
2320528
344450
2320527
425840
2320526
2320525
2320524
2320523
2320522
2320521
2320520
207815
1310990
1334040
4039080
1293180
430210
2971610
210770
564310
1453650
2478320
1514860
237010
237030
237050
237070
422970
824600
952040
237090
1721770
1304150
964800
235540
1494420
41000
1228400
1199500
741420
463799
3655150
463798
1341160
463797
463796
463795
463792
463790
463791
463794
440980
453280
437070
1435620
1100990
1023780
963060
301280
3725630
1222300
2689470
1328350
736220
302670
1421290
419070
2942360
262410
2763100
4038350
848990
487170
4038230
1083250
969070
222880
917260
917250
850440
674300
674290
653570
535130
660060
558630
526070
641440
578270
304360
519950
350130
393910
660050
304330
304320
464210
310400
307420
2664030
2752070
2752060
2641290
304310
2560300
2406821
2406820
1381670
3585460
1239020
41070
1178830
915810
2795540
204340
707010
4438820
4030120
616060
4013880
1780970
975280
1781100
1781070
1781000
1554690
1870121
2218531
1870120
2218530
3568460
3484750
1766740
41074
1428420
4448380
1822450
3341650
292000
1425000
2206270
3000380
4553960
4234690
4166840
1378290
4178740
4166830
1978590
963930
1684930
4074020
4131950
3823330
1012790
3818490
3818480
3758720
3818470
2779970
3758730
4414190
4139190
4414180
4347240
4347230
4347220
4347250
2229750
2881610
1227690
3539440
257420
1754230
2246340
671860
1286830
2551020
1401590
1637320
1085660
4005010
4023380
270880
2632050
3968930
4057480
3793200
2390150
3872930
3793190
3749870
3486960
1314563
1090200
3272290
1656370
3146090
1090150
2187930
2257950
1236650
2386480
2093200
1521580
566890
1162160
1708620
1415691
546260
2661580
588600
432710
1915840
1415690
1116310
951650
561620
1784890
1621740
962750
463740
620610
1967690
520550
1076080
1477840
450550
1662380
2675870
2638630
2910160
2926440
2386530
4348660
2543810
3700550
1945340
2585150
2336880
3205620
2380060
3186490
1656330
3186540
2720080
2152440
3259120
3311900
4029110
3489050
3979520
3186500
3697050
3697030
3697020
3697010
3696990
3696980
3932500
3932490
3696970
3696960
3696950
3696940
3117400
3117390
3932460
3959350
3959340
3959330
3959320
3959310
3932440
3932450
3932430
3932420
3932410
3968920
3696930
3696920
3932400
3696910
3696900
3696890
3696870
3696860
3696850
3696840
3696830
3696820
3696810
3696800
3696790
3696780
3696770
3696760
3696750
3696640
3696630
3696620
3696610
3696470
3772970
3767530
3696460
3696450
3696440
3696430
3696420
3696400
3696390
3696380
3696370
3336930
3336920
3336910
3801040
3747860
3747850
3747840
3747830
3747820
3696480
3696360
3696350
3696340
3696310
3767520
3767510
3696300
3696290
3696280
3696270
3696260
3696250
3696240
3696220
3696230
3619220
3619210
3619200
3289950
3289940
3289930
3289920
3289980
3289960
3360550
3289910
3360540
3289900
3619190
3619180
3619170
3619160
3619150
3619140
3619120
3289890
3289880
3289870
3289860
3289820
3289810
3289800
3619130
3289790
3289780
3289770
3289850
3289840
3289830
3289760
3289750
3289740
3289730
3410850
3360530
3502660
3360520
3289720
3360510
3360500
3360490
3289690
3289680
3289670
3289660
3289710
3289700
3289650
3289640
3360480
3360470
3360460
3360450
3117560
3117550
3117540
3117510
3117530
3117350
3117520
3117340
3117330
3117320
3117310
3117300
3117500
3117460
3117450
3117440
3117430
3117370
3117290
3117280
3117260
3117250
3336890
3336850
3117230
3117220
3117210
3117200
3117190
3117180
3157730
3157720
3117170
3117140
3117130
3289620
3117120
3117100
3117110
3117090
3308900
3116990
1627720
3410840
2073850
3211950
2325281
1174180
570940
552990
3289630
1607250
3668920
3348080
2848330
1005550
2569970
3411130
2569960
1954920
2316650
934660
845000
1230450
1954810
3197530
1889260
1739020
3016850
1953740
934690
1880790
3336860
2283211
2897810
934680
1690140
934650
3225070
3288070
3519910
3620110
3741380
3080260
3841760
3964990
4013210
4013200
4013220
4013230
4013240
4013250
934640
4093790
4093800
4093810
1991000
4093830
4093840
4124650
844890
4124660
4124670
4124680
4093820
4077560
4062430
4124770
4167860
4167870
4271490
4406660
4403960
2057760
1407200
1812450
1909950
2358720
1284210
4438390
4474890
2694490
292030
3483860
3483850
2426960
2450010
2008610
3845870
3349430
2982320
378648
378646
378645
378647
378642
378643
376391
378640
373950
378641
373951
378644
376390
370003
4200660
355880
4200630
3349420
378649
4200650
370000
4200620
4200640
4200610
370001
3390820
4158070
3483840
3483930
4129890
1996840
1737352
2108500
2108510
370002
3349410
3777460
2479880
3642360
2818190
4271830
2274900
3853480
3853490
4129900
3970950
4271800
4461060
3642350
3970960
3701280
2393080
4461080
4271810
3905140
3970940
3777440
335300
2622380
3531720
508405
740140
953020
2023140
4418560
4418540
508400
4418510
3028750
3178740
3255750
3534380
3407080
3642940
3888050
508401
4080100
4196400
4380520
739281
508402
3854280
508403
507510
1149640
1392840
2380740
3022790
1826140
3796250
367680
2981720
3439880
1235763
1235762
1235761
1235759
1235757
1235756
1235755
1932741
1235754
1235752
1235758
1235750
1235751
1235744
1235753
1235760
1235747
1235742
1235741
1235740
1458153
1561770
1301021
1458152
1458155
1621473
1621475
1621476
1904390
1904391
1621470
1621471
1301020
1621474
1776780
1235745
1235766
1458151
1235722
1235732
1235730
1368571
1235720
1235731
1932740
1932742
1235746
1932743
2061331
2061330
1235743
2167330
2167331
2278350
2278351
2397790
2397791
2304400
2727370
2727400
2738350
2738340
2782860
2727380
2782870
2815420
2815430
3197130
3197140
2815440
2815450
3197120
3199810
3199820
3415980
3415990
3200010
3200000
3199990
3702310
3702300
3602420
3765170
3765160
3602110
3602410
3765190
3985830
3765200
1235733
3765180
1235734
3986850
1235721
4055140
3212040
2792170
2486150
3274410
2792150
3274430
3274400
2792180
2792190
3871340
2792140
3871360
4247850
3274440
3871330
3871350
3871380
3871370
1804849
1200341
2922520
3351850
2922530
2922540
1200349
3743500
4218160
4094190
3743490
4094160
4218170
2285970
1914121
1914120
1914122
1749080
616191
1026970
2353720
2154173
1585815
2154171
2154172
2058880
2353721
2709430
2154174
3023640
2709450
2856380
2353722
2407940
2407941
2304380
2643040
2585200
2430650
2643050
3037030
3282880
2719560
3204810
3282900
3415590
2839560
3204800
3713760
3569970
4100260
4261930
4261920
2709460
2353723
3713770
3398280
2709470
2709480
3623250
3623240
3777610
3777650
2198015
2198092
2199015
2197812
2199012
2197810
2197811
2198872
992173
2199075
2198025
4179010
992170
2199072
992172
2198095
2198874
2198012
2197822
992174
854070
1052690
1164110
1252750
3106720
939840
1108410
1179710
986850
2064720
1463090
1093700
1776430
1076850
1608440
2167630
2299780
1028270
766870
622450
1146830
1546670
2532370
630940
695680
2701860
1843410
2383430
2631430
1316840
894600
2869680
1931910
3750770
3447720
3244800
3244810
3992110
4089880
3244820
3570290
4182010
4424610
4010590
2427745
2427730
2081053
2081051
1544405
2081052
1544404
2410761
2524110
2081054
1544402
1544406
2524090
2524100
2410760
1544401
1544403
2524120
3001270
3001260
2524080
2524070
2524050
2524040
2524060
3001250
3001230
3001240
2524030
2081050
3301130
2710860
2863570
2710870
2591390
1901920
1901921
2456990
2073740
2130860
2246730
1277570
3041150
3265830
1901922
2366470
461246
461243
347211
318500
461240
3335300
304020
1456860
1967640
1299530
1949471
1949470
1919262
1919260
3315500
4232900
4232890
3315590
2313540
1303183
4232910
2311930
4232880
1890183
1890182
1890181
1890180
1846792
1852790
1846791
1846790
1824143
1824142
1824141
1824140
1812152
1812151
1812153
1812150
1764062
1764061
1764060
1613281
1613282
1613280
2638820
1613284
2997790
1648020
3339980
3051730
2676380
1613283
1613285
2957510
2957500
3693250
3456610
2957490
3456600
3310650
2957460
2957470
2957480
