3639650
1533420
3669570
2947280
1471650
1274600
2313700
1562700
1123050
1645820
1062520
953490
1147860
1809540
972660
683320
2011780
2394650
4450800
690640
253230
304430
1295920
1931770
1672810
418530
2236070
210970
553420
1608230
2420660
3151380
2754380
3035120
1135690
3288210
2366980
2162800
3300800
813230
1225570
1017180
2273430
653530
1592190
40800
1455840
3599690
1061090
240720
238320
4082750
774361
280680
744190
239030
698670
865360
335240
460950
1392860
1509960
1395520
383980
433340
1147560
1164940
230290
1274570
558990
3097300
1150690
1929610
2085540
1145960
238460
435120
2413950
532110
909080
1206560
2231450
341800
860510
3967470
2772990
1292940
424840
3119540
2747330
2331280
3059070
641990
3645890
2291850
1190970
2670630
2198150
2245620
1290000
3590
1286220
736260
2289750
3070070
2461440
219740
692850
2696050
1369700
3846120
2407270
4045750
2075720
1515210
3180070
342940
2643390
1084600
477160
1315180
613100
2849080
965580
2529790
3115220
747660
1594320
2784470
837470
391540
2622000
2288470
3602570
3372530
1366540
1159690
690830
1904480
200210
1013320
3373660
625960
1158160
2073250
305620
632470
568220
2835570
1169040
3202030
3167020
2698420
599140
371970
2794590
1256670
848450
262060
2103140
1527950
1139980
1118200
1757300
48700
233860
4286550
1242980
286160
1145360
2592160
1943950
1040200
3097560
457140
899770
704850
1955830
250760
269210
1097580
3158270
293760
646570
1217060
1454400
1619310
361420
246620
686810
3616550
1178490
1868140
1562430
2429860
2379780
2764750
942970
1621690
1557740
2737070
3247750
1590910
2827200
555160
394690
1794680
1389990
1227890
1150760
518150
304930
3720460
2111190
242760
2870710
264710
1556790
1876590
2201320
3314790
604240
728880
424030
3489420
2250500
3897800
1283230
629760
823500
3819640
1721110
16900
2069250
2005010
3405340
1324780
322500
581320
1785150
2404880
450540
4206270
620980
990630
3357960
332200
2386720
2434600
3213850
4156580
692890
1361510
636480
880940
362890
482920
895870
2162820
407130
858820
1654660
1063420
588030
1294760
1812620
508440
337320
1718870
858810
3872000
1658040
1088090
1253220
1911610
3370870
846770
979640
719890
666140
979110
311690
4015530
2890830
3400930
1286580
2353250
4243690
2918500
2436940
4000
2617700
3745310
1782120
1330460
2265990
738520
3919360
2943280
1422440
356650
3032830
366090
598980
1270580
774291
761830
3081840
1509510
1089980
283640
1570010
764790
212680
4133830
1203630
843380
824270
345820
1054430
251470
602320
411960
799600
1977170
536270
1221480
1747760
4054940
1158890
259810
3324650
211820
256290
1627570
860950
2870350
1740720
322110
2891020
35720
2226730
236090
3179050
3755320
224460
956030
35700
1999520
858710
1080020
3756940
571310
1255560
939400
239350
2368930
285920
1042490
1286710
1875060
1293160
557600
4240090
4173110
515960
2843190
2825530
3298940
1745510
40700
2019810
2303350
3057670
3339880
648100
287980
1967220
4081840
590380
1440440
353540
1071870
3830
3762550
260750
3406810
1887400
2870340
2246110
1585220
2835530
414340
2644610
3209480
1846170
1003590
1670870
1433140
1996010
506610
2453060
3099190
1059990
420530
397950
2720950
2456350
354140
2008920
2763740
320240
1063660
714120
2393730
4262310
3799100
3659410
362680
3180150
2075070
1366800
916840
622650
448280
1119730
383870
1179080
1149620
3981100
962400
3166810
3856460
2795090
3079160
1700870
1750770
332950
3694480
1128810
3431040
600480
3399780
3972320
2638370
1763250
2147380
1296830
1106840
1697870
1244090
2961530
1443200
3478050
1735700
1076200
535930
666150
1245560
2909580
2287520
720620
838350
1066780
1229240
3101040
2427700
3028310
1263240
2756920
1188930
326460
1511630
774181
233450
1368030
1189490
1432050
711980
3226210
1296610
373420
774171
2920570
2660460
1820000
1267910
2273980
319630
493490
677120
1107320
2748340
1198970
2201940
764300
249650
451340
2299900
1332720
814370
3816930
1568590
550320
2658510
2163330
434170
644930
1113120
224760
1778840
1225560
2878450
410900
282070
751780
609320
2542120
977950
1275890
242920
2244030
2683150
3609320
571740
674940
1679210
1016920
1239080
3249380
851100
2716400
1796220
1280930
3470610
2560240
2365810
2980270
597170
2721890
1390350
368340
2525310
2296990
2725260
3311670
3642000
1097430
1211020
3266090
1138850
627690
1677740
414700
1127500
1281040
1808680
572890
583470
3319120
3417410
427730
1043810
429050
312530
207140
677160
621060
4020490
282140
594330
986130
3983810
955900
501300
1253920
3855540
2725090
3946110
1669980
246900
233720
2682380
388090
2695940
1948980
881100
1385380
1222700
2475490
732690
459820
2824490
2916430
291650
3618390
777130
4271160
99900
343780
4119420
1137750
1948800
2742280
2445690
4298880
3035500
1243830
985890
1682970
1787960
3614460
3959890
4268470
541570
2943180
2390230
1525700
4126480
436780
4216670
2062430
1127400
2016460
2949320
1210320
3361510
1494810
332800
1649080
2064610
638230
3496000
4139720
1110910
1801110
1159290
1586800
2742830
3194360
458710
1353300
816340
1337010
3224420
784950
1239320
3146520
246420
319510
2487150
1307550
3769130
259680
758870
486860
1055540
248390
464060
874260
1602000
2585830
448510
682990
1937500
1388880
1005300
2893820
2499470
417290
1737870
2631140
2709570
3997360
2464530
341940
4026480
3631290
2678830
2232880
4067130
434570
610180
1552350
3558400
1674010
746850
2190220
3511030
1310990
1334040
2212670
4209010
1202200
3498270
2788520
3609750
952040
228380
3655150
2200780
1119980
4039080
1291340
843390
24240
1881200
871540
1293180
1995890
527230
430210
964800
2971610
210770
824600
1540570
227780
1239020
1494420
301280
1178830
564310
1177980
1766740
235540
422970
1421290
41000
3568460
3725630
2689470
3477300
3585460
1211630
1222300
1341160
332570
1328350
41070
302670
3484750
915810
2795540
292000
2246340
222880
1378290
204340
736220
2206270
262410
1428420
3341650
1874170
1607250
1425000
707010
1822450
2881610
1909950
1684930
2358720
1227690
292030
3539440
2622380
1012790
379430
2703850
1978590
257420
2057760
1085660
1401590
1286830
1627720
1100990
1812450
1637320
2814990
1407200
2997230
265930
3800340
3609080
671860
963930
552990
1588550
2073850
1284210
1086940
883710
892970
270880
2879840
570940
3265700
2694490
335300
2440510
2551020
48000
1778820
2426960
3357650
454650
2918150
1663850
2947440
1426210
220200
266410
1863430
2157830
1771300
1372110
3917090
3513600
3483740
2634950
304390
1174180
2625420
39210
3240220
2399420
753640
1222670
294100
1974050
3764200
934700
3041230
357070
381210
3717070
620
4069520
394360
3564740
1808500
2344520
3376250
2221490
1948280
1569580
3527290
3058630
756800
236390
2138720
766570
2807960
588650
1172470
440
1476970
2139460
1363080
578080
367520
4244510
1190000
2996040
1971870
976730
2495100
275850
2141910
2124490
1903340
629730
105600
2744880
4128580
1665460
312520
1521580
2416450
322330
2479650
1963610
1044720
3280350
962130
2073620
1874880
374320
1783560
1659040
3472040
2183900
1823950
1716740
1659420
3634520
3501070
1167630
431960
2767030
261550
252490
3552140
3065800
1335200
2397300
2738490
427520
4160210
585420
1091500
306130
2001120
284160
1049590
2698940
2060160
380600
108600
1245620
582660
410340
3164330
3948120
655500
208650
3932890
1449850
3321460
1466060
3513350
220740
2357570
230410
3230400
2852190
1133870
1151340
250900
2325290
387990
281990
3551340
553850
673750
2483190
1172620
1361210
2300320
1465360
2072560
4164420
3405690
268910
1594940
2399830
1973530
594650
2934220
1466860
2114740
376210
1289670
2074920
2353060
2537590
3679080
516750
2239150
949230
413150
1144200
2050650
2567870
1721470
668580
1326470
1371980
1057090
2129530
1142710
678950
632360
1796470
2385530
2141730
359550
1384160
216150
412020
3326230
636040
990080
1066890
314650
438100
648800
2669320
1462810
261570
2217000
1203220
1172380
686060
1145350
518790
3164500
2479810
2406770
3224770
1030300
851850
1203620
1332010
244210
431240
1260320
813780
1623730
1649950
2507950
1364780
2138710
526870
221100
200900
805550
274190
1158310
893680
3949040
1551360
313120
3241660
1284190
504230
1790600
291550
322170
1435790
570
2868840
739630
418370
3195790
3059520
227300
285900
1533390
346110
730
