2183900
1222670
3513350
294100
3552140
359550
1091500
3609080
3202690
1235767
1235765
438100
1049590
2138330
1495710
4453100
2060310
450790
2404310
417462
377560
227300
417464
2646460
455572
4400930
1300410
3851260
417463
3809270
3796990
3731990
417465
3575860
417461
1536500
3872920
3336600
2004210
2611740
1650650
2371170
347213
1068290
455570
461247
2569750
304140
2455690
461245
2193220
304211
304213
297793
297792
558242
388474
388472
318510
540721
297791
388471
1159030
388476
876980
558241
980592
980591
980590
540720
347190
347210
461241
297790
304210
388479
909640
301180
318520
318511
558240
266931
461248
266930
